-2.500006182191119589e-08
-3.184982755671244273e-08
-3.231130858293546882e-08
-3.233009801645107766e-08
-3.233075337637622225e-08
-3.233087990330206519e-08
-3.233105705961515334e-08
-3.233132163220410339e-08
-3.233169784536797227e-08
-3.233221159842107357e-08
-3.233289047130947429e-08
-3.233376334904592994e-08
-3.233486001204021574e-08
-3.233621070379912657e-08
-3.233784567990783610e-08
-3.233979474217990761e-08
-3.234208676196969031e-08
-3.234474919671341513e-08
-3.234780760380080005e-08
-3.235128515587890865e-08
-3.235520216165175706e-08
-3.235957559616802655e-08
-3.236441864448173232e-08
-3.236974026243254654e-08
-3.237554475812288169e-08
-3.238183139747161417e-08
-3.238859403699910985e-08
-3.239582078675404930e-08
-3.240349370602189728e-08
-3.241158853417224278e-08
-3.242007445870142707e-08
-3.242891392221591671e-08
-3.243806246978284483e-08
-3.244746863774900247e-08
-3.245707388480313651e-08
-3.246681256573004484e-08
-3.247661194798316637e-08
-3.248639227088625487e-08
-3.249606684696771560e-08
-3.250554220463692605e-08
-3.251471827112906548e-08
-3.252348859438022065e-08
-3.253174060224554036e-08
-3.253935589724429447e-08
-3.254621058480607192e-08
-3.255217563280570084e-08
-3.255711726000817085e-08
-3.256089735090248952e-08
-3.256337389428372890e-08
-3.256440144284609477e-08
