-4.247983737848863720e-66
-4.419053037465357593e-65
-1.916961581946116994e-64
-5.595396637867379280e-64
-1.301409490874654936e-63
-2.611907730316583801e-63
-4.726550120105334187e-63
-7.921766045368318479e-63
-1.251489853836749929e-62
-1.886420427849944750e-62
-2.736885359229527582e-62
-3.846893045342064157e-62
-5.264543248267580056e-62
-7.042027094799552513e-62
-9.235627076444914297e-62
-1.190571704942403385e-61
-1.511676223467076839e-61
-1.893731921783240176e-61
-2.344003594926964871e-61
-2.870165174405674645e-61
-3.480299728198130268e-61
-4.182899460754439400e-61
-4.986865712996062122e-61
-5.901508962315787444e-61
-6.936548822577761975e-61
-8.102114044117474037e-61
-9.408742513741760570e-61
-1.086738125472879262e-60
-1.248938642682809540e-60
-1.428652332626053027e-60
-1.627096638571830034e-60
-1.845529917436498632e-60
-2.085251439783544572e-60
-2.347601389823594544e-60
-2.633960865414409827e-60
-2.945751878060878543e-60
-3.284437352915028930e-60
-3.651521128776025746e-60
-4.048547958090159766e-60
-4.477103506950868234e-60
-4.938814355098713862e-60
-5.435347995921392012e-60
-5.968412836453738985e-60
-6.539758197377728159e-60
-7.151174313022447874e-60
-7.804492331364152284e-60
-8.501584314026196138e-60
-9.244363236279096680e-60
-1.003478298704048391e-59
-1.087483836887514038e-59
