1.951418369943640707e+00
1.763022490387913255e+00
1.759230265457992992e+00
1.756163448757872780e+00
1.753146185136270407e+00
1.750060954978347239e+00
1.746861131956294555e+00
1.743525647175809379e+00
1.740045591099398603e+00
1.736418322367996758e+00
1.732644621105843274e+00
1.728727241488281496e+00
1.724670138210341541e+00
1.720478030807520931e+00
1.716156144388866656e+00
1.711710046303943855e+00
1.707145537118667455e+00
1.702468573599511092e+00
1.697685211363301638e+00
1.692801560153047724e+00
1.687823747614281888e+00
1.682757889090193970e+00
1.677610061905169481e+00
1.672386283167681675e+00
1.667092490460294396e+00
1.661734524989674888e+00
1.656318116895650672e+00
1.650848872495931152e+00
1.645332263292366815e+00
1.639773616594118577e+00
1.634178107633056598e+00
1.628550753058294998e+00
1.622896405705468448e+00
1.617219750541674106e+00
1.611525301691778544e+00
1.605817400455237909e+00
1.600100214226449769e+00
1.594377736234839915e+00
1.588653786024691872e+00
1.582932010598371519e+00
1.577215886150565183e+00
1.571508720325044628e+00
1.565813654929667287e+00
1.560133669049447835e+00
1.554471582501632643e+00
1.548830059580831975e+00
1.543211613046374886e+00
1.537618608307833146e+00
1.532053267768554772e+00
1.526517675290663067e+00
1.521013780748418753e+00
1.515543404640075309e+00
1.510108242731633688e+00
1.504709870708509589e+00
1.499349748814087890e+00
1.494029226456548898e+00
1.488749546767589083e+00
1.483511851098958667e+00
1.478317183444588068e+00
1.473166494777834679e+00
1.468060647295229781e+00
1.463000418559238458e+00
1.457986505534235144e+00
1.453019528510856473e+00
1.448100034915133172e+00
1.443228502999628349e+00
1.438405345414842884e+00
1.433630912659720202e+00
1.428905496410959097e+00
1.424229332731236308e+00
1.419602605157133546e+00
1.415025447667902725e+00
1.410497947536599295e+00
1.406020148065535880e+00
1.401592051208127465e+00
1.397213620079632790e+00
1.392884781359315483e+00
1.388605427586772301e+00
1.384375419355355685e+00
1.380194587405639606e+00
1.376062734621918304e+00
1.371979637934917395e+00
1.367945050133738238e+00
1.363958701590251454e+00
1.360020301898939188e+00
1.356129541435399544e+00
1.352286092836493481e+00
1.348489612405200377e+00
1.344739741443111924e+00
1.341036107513552622e+00
1.337378325638082011e+00
1.333765999429256777e+00
1.330198722162323044e+00
1.326676077788444985e+00
1.323197641892113863e+00
1.319762982595161116e+00
1.316371661409793781e+00
1.313023234042990595e+00
1.309717251154497664e+00
1.306453259070592843e+00
1.303230800455692728e+00
1.300049414943839521e+00
1.296908639731965129e+00
1.293808010136836106e+00
1.290747060117398926e+00
1.287725322764309954e+00
1.284742330758215090e+00
1.281797616798420858e+00
1.278890714003408480e+00
1.276021156284652180e+00
1.273188478695110426e+00
1.270392217753731234e+00
1.267631911747186590e+00
1.264907101010058321e+00
1.262217328184628284e+00
1.259562138461360004e+00
1.256941079801094041e+00
1.254353703139970744e+00
1.251799562578028269e+00
1.249278215552369176e+00
1.246789222995744906e+00
1.244332149481377492e+00
1.241906563354826964e+00
1.239512036853576582e+00
1.237148146215121258e+00
1.234814471774139610e+00
1.232510598049461281e+00
1.230236113821366661e+00
1.227990612199852283e+00
1.225773690684339723e+00
1.223584951215407557e+00
1.221424000218965356e+00
1.219290448643421287e+00
1.217183911990185941e+00
1.215104010337993756e+00
1.213050368361427100e+00
1.211022615343997577e+00
1.209020385186142743e+00
1.207043316408504374e+00
1.205091052150732756e+00
1.203163240166233994e+00
1.201259532813015563e+00
1.199379587040984907e+00
1.197523064375932700e+00
1.195689630900420797e+00
1.193878957231835791e+00
1.192090718497794022e+00
1.190324594309111195e+00
1.188580268730536904e+00
1.186857430249407042e+00
1.185155771742420150e+00
1.183474990440669394e+00
1.181814787893087360e+00
1.180174869928473091e+00
1.178554946616166887e+00
1.176954732225601097e+00
1.175373945184742253e+00
1.173812308037604613e+00
1.172269547400919043e+00
1.170745393920040733e+00
1.169239582224226526e+00
1.167751850881314057e+00
1.166281942351949041e+00
1.164829602943370457e+00
1.163394582762889762e+00
1.161976635671068347e+00
1.160575519234719355e+00
1.159190994679728526e+00
1.157822826843806885e+00
1.156470784129183693e+00
1.155134638455313389e+00
1.153814165211624498e+00
1.152509143210361575e+00
1.151219354639560599e+00
1.149944585016179799e+00
1.148684623139431205e+00
1.147439261044341352e+00
1.146208293955568225e+00
1.144991520241499083e+00
1.143788741368653383e+00
1.142599761856413432e+00
1.141424389232109649e+00
1.140262433986462431e+00
1.139113709529414820e+00
1.137978032146366836e+00
1.136855220954813284e+00
1.135745097861415198e+00
1.134647487519504061e+00
1.133562217287036100e+00
1.132489117184997340e+00
1.131428019856278055e+00
1.130378760525014403e+00
1.129341176956408788e+00
1.128315109417027173e+00
1.127300400635586897e+00
1.126296895764237416e+00
1.125304442340319788e+00
1.124322890248637519e+00
1.123352091684209242e+00
1.122391901115524337e+00
1.121442175248298811e+00
1.120502772989723006e+00
1.119573555413203580e+00
1.118654385723605538e+00
1.117745129222993850e+00
1.116845653276847372e+00
1.115955827280786350e+00
1.115075522627769544e+00
1.114204612675784745e+00
1.113342972716018009e+00
1.112490479941500077e+00
1.111647013416229735e+00
1.110812454044767250e+00
1.109986684542286550e+00
1.109169589405107681e+00
1.108361054881670027e+00
1.107560968943964497e+00
1.106769221259422453e+00
1.105985703163236300e+00
1.105210307631132371e+00
1.104442929252564598e+00
1.103683464204353371e+00
1.102931810224734743e+00
1.102187866587840848e+00
1.101451534078584427e+00
1.100722714967958371e+00
1.100001312988740931e+00
1.099287233311592615e+00
1.098580382521548104e+00
1.097880668594906739e+00
1.097188000876484049e+00
1.096502290057266515e+00
1.095823448152410950e+00
1.095151388479636223e+00
1.094486025637957605e+00
1.093827275486786599e+00
1.093175055125375161e+00
1.092529282872613194e+00
1.091889878247159329e+00
1.091256761947908993e+00
1.090629855834796214e+00
1.090009082909912497e+00
1.089394367298953448e+00
1.088785634232974253e+00
1.088182810030457137e+00
1.087585822079686571e+00
1.086994598821418245e+00
1.086409069731847588e+00
1.085829165305870925e+00
1.085254817040621989e+00
1.084685957419302182e+00
1.084122519895278192e+00
1.083564438876454705e+00
1.083011649709917590e+00
1.082464088666829527e+00
1.081921692927595213e+00
1.081384400567277027e+00
1.080852150541253387e+00
1.080324882671139131e+00
1.079802537630923709e+00
1.079285056933370734e+00
1.078772382916632466e+00
1.078264458731106767e+00
1.077761228326505893e+00
1.077262636439160648e+00
1.076768628579530152e+00
1.076279151019934988e+00
1.075794150782490632e+00
1.075313575627258711e+00
1.074837374040588545e+00
1.074365495223670974e+00
1.073897889081273815e+00
1.073434506210684480e+00
1.072975297890829349e+00
1.072520216071585430e+00
1.072069213363273654e+00
1.071622243026329135e+00
1.071179258961147074e+00
1.070740215698108511e+00
1.070305068387764624e+00
1.069873772791198885e+00
1.069446285270545749e+00
1.069022562779672558e+00
1.068602562855020421e+00
1.068186243606600749e+00
1.067773563709143891e+00
1.067364482393393876e+00
1.066958959437559473e+00
1.066556955158898479e+00
1.066158430405453661e+00
1.065763346547922152e+00
1.065371665471666063e+00
1.064983349568854765e+00
1.064598361730739073e+00
1.064216665340057988e+00
1.063838224263571108e+00
1.063463002844718286e+00
1.063090965896396289e+00
1.062722078693866035e+00
1.062356306967769060e+00
1.061993616897268122e+00
1.061633975103296823e+00
1.061277348641922913e+00
1.060923704997826178e+00
1.060573012077878685e+00
1.060225238204836717e+00
1.059880352111132851e+00
1.059538322932775722e+00
1.059199120203345501e+00
1.058862713848095272e+00
1.058529074178141460e+00
1.058198171884757510e+00
1.057869978033758596e+00
1.057544464059976486e+00
1.057221601761829222e+00
1.056901363295976282e+00
1.056583721172065671e+00
1.056268648247561615e+00
1.055956117722659959e+00
1.055646103135287284e+00
1.055338578356179502e+00
1.055033517584040847e+00
1.054730895340783015e+00
1.054430686466839351e+00
1.054132866116556544e+00
1.053837409753663357e+00
1.053544293146803534e+00
1.053253492365154864e+00
1.052964983774103080e+00
1.052678744031000813e+00
1.052394750080982710e+00
1.052112979152853844e+00
1.051833408755040278e+00
1.051556016671611360e+00
1.051280780958357308e+00
1.051007679938932071e+00
1.050736692201060807e+00
1.050467796592806868e+00
1.050200972218890749e+00
1.049936198437079637e+00
1.049673454854624266e+00
1.049412721324757936e+00
1.049153977943245275e+00
1.048897205044992509e+00
1.048642383200704575e+00
1.048389493213598422e+00
1.048138516116168706e+00
1.047889433166999229e+00
1.047642225847629227e+00
1.047396875859468723e+00
1.047153365120757407e+00
1.046911675763574356e+00
1.046671790130895063e+00
1.046433690773691083e+00
1.046197360448077429e+00
1.045962782112502376e+00
1.045729938924982338e+00
1.045498814240375829e+00
1.045269391607706266e+00
1.045041654767517425e+00
1.044815587649276623e+00
1.044591174368813880e+00
1.044368399225801936e+00
1.044147246701273790e+00
1.043927701455177548e+00
1.043709748323972786e+00
1.043493372318255563e+00
1.043278558620428953e+00
1.043065292582399994e+00
1.042853559723320389e+00
1.042643345727350956e+00
1.042434636441471163e+00
1.042227417873311746e+00
1.042021676189027302e+00
1.041817397711194637e+00
1.041614568916751082e+00
1.041413176434951904e+00
1.041213207045369460e+00
1.041014647675915228e+00
1.040817485400895581e+00
1.040621707439092880e+00
1.040427301151876538e+00
1.040234254041344286e+00
1.040042553748486753e+00
1.039852188051382686e+00
1.039663144863419264e+00
1.039475412231538831e+00
1.039288978334511837e+00
1.039103831481234419e+00
1.038919960109051077e+00
1.038737352782102885e+00
1.038555998189698792e+00
1.038375885144711352e+00
1.038197002581994877e+00
1.038019339556827569e+00
1.037842885243376756e+00
1.037667628933183650e+00
1.037493560033674767e+00
1.037320668066688656e+00
1.037148942667030838e+00
1.036978373581042501e+00
1.036808950665197182e+00
1.036640663884710101e+00
1.036473503312173694e+00
1.036307459126207364e+00
1.036142521610132761e+00
1.035978681150660830e+00
1.035815928236603289e+00
1.035654253457600316e+00
1.035493647502864434e+00
1.035334101159946174e+00
1.035175605313513714e+00
1.035018150944151172e+00
1.034861729127174224e+00
1.034706331031461923e+00
1.034551947918304959e+00
1.034398571140269008e+00
1.034246192140076959e+00
1.034094802449503137e+00
1.033944393688286389e+00
1.033794957563055172e+00
1.033646485866269504e+00
1.033498970475178247e+00
1.033352403350788373e+00
1.033206776536851335e+00
1.033062082158860306e+00
1.032918312423065199e+00
1.032775459615497438e+00
1.032633516101011173e+00
1.032492474322334708e+00
1.032352326799138353e+00
1.032213066127111611e+00
1.032074684977055901e+00
1.031937176093987940e+00
1.031800532296255568e+00
1.031664746474666217e+00
1.031529811591627155e+00
1.031395720680295058e+00
1.031262466843742454e+00
1.031130043254129491e+00
1.030998443151890598e+00
1.030867659844930007e+00
1.030737686707831724e+00
1.030608517181073269e+00
1.030480144770258510e+00
1.030352563045353387e+00
1.030225765639936952e+00
1.030099746250458193e+00
1.029974498635507274e+00
1.029850016615092345e+00
1.029726294069929216e+00
1.029603324940737918e+00
1.029481103227549044e+00
1.029359622989022061e+00
1.029238878341768526e+00
1.029118863459687061e+00
1.028999572573304766e+00
1.028880999969131071e+00
1.028763139989014697e+00
1.028645987029514819e+00
1.028529535541275575e+00
1.028413780028411217e+00
1.028298715047900158e+00
1.028184335208983002e+00
1.028070635172573244e+00
1.027957609650672843e+00
1.027845253405794690e+00
1.027733561250394834e+00
1.027622528046311157e+00
1.027512148704207373e+00
1.027402418183027688e+00
1.027293331489455674e+00
1.027184883677380922e+00
1.027077069847373458e+00
1.026969885146162609e+00
1.026863324766125185e+00
1.026757383944779001e+00
1.026652057964281717e+00
1.026547342150938125e+00
1.026443231874711648e+00
1.026339722548745170e+00
1.026236809628882973e+00
1.026134488613203555e+00
1.026032755041555333e+00
1.025931604495100125e+00
1.025831032595860393e+00
1.025731035006274272e+00
1.025631607428753478e+00
1.025532745605250984e+00
1.025434445316828258e+00
1.025336702383233600e+00
1.025239512662482699e+00
1.025142872050444298e+00
1.025046776480431854e+00
1.024951221922800526e+00
1.024856204384548386e+00
1.024761719908922730e+00
1.024667764575031725e+00
1.024574334497459827e+00
1.024481425825889191e+00
