3.260173464768571421e+02 1.756846693360360234e+02 1.234731738807767982e+02
2.139248754178392220e-01 1.151847571929763975e-01 8.085737179306032307e-02
1.575225441544115743e-02 8.471720203494417789e-03 5.937072349552932442e-03
2.982815323920295306e-03 1.602346410635456780e-03 1.121088402643733578e-03
8.692382957861866013e-04 4.664546481508838110e-04 3.258595171971482391e-04
3.252875320503850905e-04 1.743911745661745356e-04 1.216600129091540084e-04
1.434419519747211777e-04 7.683588969702669601e-05 5.353684333421864492e-05
7.105297796958040958e-05 3.803130415569878475e-05 2.646990264065095485e-05
3.838779612559894093e-05 2.053329029576800608e-05 1.427719354759605186e-05
2.218516147737938576e-05 1.185947226935827356e-05 8.238862659643954444e-06
1.353056762694483114e-05 7.229082152003091256e-06 5.018124730972189686e-06
8.623818881471539545e-06 4.605265102198493295e-06 3.194502138105269676e-06
5.702067697583288098e-06 3.043657183940303958e-06 2.109911017609963627e-06
3.889303936271065852e-06 2.075207496504570467e-06 1.437724667058956274e-06
2.724590853335333453e-06 1.453225249593022928e-06 1.006272733852680630e-06
1.953385180203224627e-06 1.041538557779917763e-06 7.208530932439928659e-07
1.429178262559267200e-06 7.618016144059410534e-07 5.270109997604483689e-07
1.064562133224634944e-06 5.672902517748036455e-07 3.922881608413024219e-07
8.057241506331904905e-07 4.292488015350656841e-07 2.967187718004194153e-07
6.186024670549608406e-07 3.294816945169013931e-07 2.276751922756758332e-07
4.810979497444526100e-07 2.561873582523941839e-07 1.769708423369006177e-07
3.785521397059661630e-07 2.015399992696267467e-07 1.391793577226443620e-07
3.010462579525929861e-07 1.602456500876011188e-07 1.106313751526411772e-07
2.417463632362817394e-07 1.286577430933551611e-07 8.880031667882159662e-08
1.958658850877599138e-07 1.042227897798186811e-07 7.191757802612961678e-08
1.600014760348824950e-07 8.512561674308165010e-08 5.872634274708817053e-08
1.316996632392695657e-07 7.005794317986519254e-08 4.832104574266954550e-08
1.091691079093742883e-07 5.806475356661398960e-08 4.004083910449979736e-08
9.108644963027430440e-08 4.844065911881051625e-08 3.339774635079993665e-08
7.646333803575296595e-08 4.065893544553673898e-08 2.802748406579196949e-08
6.455410771579204898e-08 3.432226050573231520e-08 2.365533231078267394e-08
5.479084898282644562e-08 2.912807683360257043e-08 2.007214369236082871e-08
4.673719856047556068e-08 2.484394476420629307e-08 1.711727698571275379e-08
4.005508547627482168e-08 2.128980869062025588e-08 1.466632073513961851e-08
3.448054981133442078e-08 1.832510383198777605e-08 1.262216992874303904e-08
2.980598650314646900e-08 1.583929028494401118e-08 1.090847619809706478e-08
2.586698690415051115e-08 1.374483923307032357e-08 9.464795826034245988e-09
2.253250297000241856e-08 1.197199096458122802e-08 8.242964226042778974e-09
1.969743492423888569e-08 1.046480502702495059e-08 7.204364661547775492e-09
1.727700208682103634e-08 9.178160983864490108e-09 6.317854702771609164e-09
1.520243662001512677e-08 8.075464319016803156e-09 5.558180488751671796e-09
1.341766644915104154e-08 7.126879526483304364e-09 4.904755613016202862e-09
1.187674332209631223e-08 6.307960274397725955e-09 4.340714591523799835e-09
1.054183614783679953e-08 5.598580761863722696e-09 3.852174572008624726e-09
9.381656053452160147e-09 4.982097077500754234e-09 3.427656036489947444e-09
8.370213267445183688e-09 4.444685321315133339e-09 3.057625674524082652e-09
7.485830607758215239e-09 3.974816404523280244e-09 2.734133706859441023e-09
6.710356560932735845e-09 3.562837148442365548e-09 2.450524655002061010e-09
6.028534470503713209e-09 3.200634516242000824e-09 2.201205541742915952e-09
5.427494475429135119e-09 2.881365206382924378e-09 1.981459239223988600e-09
4.896342459781951332e-09 2.599236897533790839e-09 1.787293489475987879e-09
4.425826046324495936e-09 2.349330510038297004e-09 1.615318248738547934e-09
4.008062062922234703e-09 2.127455191349786179e-09 1.462645626226308867e-09
3.636313278251234678e-09 1.930029526858215810e-09 1.326807928090522598e-09
3.304804796435523523e-09 1.753983858899481903e-09 1.205690272043702074e-09
3.008572507386339941e-09 1.596679665821693270e-09 1.097474976902330606e-09
2.743337550796866723e-09 1.455842784459126148e-09 1.000595505815795063e-09
2.505401971807449960e-09 1.329507909105600301e-09 9.136981908345336903e-10
2.291561704180077008e-09 1.215972310122971195e-09 8.356103187993643507e-10
2.099033772075446595e-09 1.113757117462756730e-09 7.653134362930611578e-10
1.925395199573685288e-09 1.021574832789765700e-09 7.019209512954349269e-10
1.768531592579207821e-09 9.383019870410809913e-10 6.446592839894309068e-10
1.626593737303647192e-09 8.629560623038082394e-10 5.928519586739102806e-10
1.497960863643157745e-09 7.946759587785517974e-10 5.459061405014807277e-10
1.381209466345464713e-09 7.327054177752192782e-10 5.033012106250235874e-10
1.275086774256629528e-09 6.763789167457547779e-10 4.645790458526068500e-10
1.178488117799263265e-09 6.251096374348574728e-10 4.293357276285158267e-10
1.090437574731520192e-09 5.783791773551654608e-10 3.972144528625237415e-10
1.010071380127242664e-09 5.357287311400507173e-10 3.678994580114944772e-10
9.366236731090871960e-10 4.967515144013325740e-10 3.411107996079573562e-10
8.694142238910806388e-10 4.610862405081977528e-10 3.165998605018702467e-10
8.078378431148926998e-10 4.284114917885914333e-10 2.941454725262539959e-10
7.513552236668631022e-10 3.984408522978914910e-10 2.735505639864981803e-10
6.994850050402290098e-10 3.709186905129969466e-10 2.546392550050564536e-10
6.517968833860978773e-10 3.456164979058888948e-10 2.372543358890873360e-10
6.079056179082810388e-10 3.223297039843096734e-10 2.212550737805417264e-10
5.674658071966472198e-10 3.008749005882660123e-10 2.065153012619180003e-10
5.301673282682541025e-10 2.810874184291191274e-10 1.929217476228620364e-10
4.957313471518912330e-10 2.628192074025427837e-10 1.803725793841303098e-10
4.639068233451414065e-10 2.459369793824631640e-10 1.687761216227377423e-10
4.344674418316106456e-10 2.303205782432932796e-10 1.580497358061702461e-10
4.072089159287277949e-10 2.158615469534064795e-10 1.481188333561904533e-10
3.819466123384881412e-10 2.024618658908399432e-10 1.389160071322930623e-10
3.585134566381902276e-10 1.900328401821822905e-10 1.303802655406215551e-10
3.367580832763672923e-10 1.784941169643261953e-10 1.224563561098278197e-10
3.165431990973291388e-10 1.677728161048342888e-10 1.150941671920504600e-10
2.977441336440445556e-10 1.578027601635349811e-10 1.082481979955599219e-10
2.802475530985025457e-10 1.485237912967778689e-10 1.018770884778411214e-10
2.639503178069401742e-10 1.398811644474722308e-10 9.594320175908510114e-11
2.487584659845637843e-10 1.318250075712355428e-10 9.041225268562782666e-11
2.345863084675525474e-10 1.243098408572825097e-10 8.525297700535525371e-11
2.213556213355515258e-10 1.172941479420570384e-10 8.043683633314487660e-11
2.089949249127677943e-10 1.107399930091588405e-10 7.593775470134870295e-11
1.974388391100361411e-10 1.046126784420442298e-10 7.173188302275744674e-11
1.866275063274192062e-10 9.888043836415157529e-11 6.779738825373261774e-11
1.765060742255098965e-10 9.351416397964748774e-11 6.411426444368584284e-11
1.670242316176453477e-10 8.848715712969092421e-11 6.066416320263009801e-11
1.581357915552158955e-10 8.377490891486424042e-11 5.743024141863531883e-11
1.497983163914691956e-10 7.935490061342645421e-11 5.439702431803554118e-11
1.419727802305337932e-10 7.520642445520768386e-11 5.155028218860083764e-11
1.346232647103743542e-10 7.131042209895982542e-11 4.887691928420559902e-11
1.277166845418768408e-10 6.764933891256720962e-11 4.636487360276463570e-11
1.212225396404456180e-10 6.420699237559195455e-11 4.400302638073904017e-11
1.151126910493032600e-10 6.096845311639698091e-11 4.178112028023840370e-11
1.093611581718988270e-10 5.791993726515889222e-11 3.968968536114911029e-11
1.039439351103007431e-10 5.504870895256286343e-11 3.771997203294054536e-11
9.883882415220238078e-11 5.234299191453314532e-11 3.586389027068447306e-11
9.402528466552778362e-11 4.979188927829618810e-11 3.411395445894952453e-11
8.948429585035994708e-11 4.738531070640007872e-11 3.246323329698374960e-11
8.519823196623496652e-11 4.511390616473098909e-11 3.090530426014842854e-11
8.115074880158260799e-11 4.296900565957942439e-11 2.943421216695099757e-11
7.732668028366042269e-11 4.094256435869678154e-11 2.804443144912907405e-11
7.371194424384653180e-11 3.902711257317600007e-11 2.673083176483585719e-11
7.029345645646039087e-11 3.721571013186260664e-11 2.548864663274267924e-11
6.705905216096458551e-11 3.550190472870096148e-11 2.431344479838972107e-11
6.399741435886388702e-11 3.387969386668960277e-11 2.320110407389272797e-11
6.109800824907173522e-11 3.234349006060217907e-11 2.214778741859587138e-11
5.835102123002114283e-11 3.088808899489147929e-11 2.114992105183741756e-11
5.574730795429391385e-11 2.950864036373094166e-11 2.020417441000721938e-11
5.327833997282715620e-11 2.820062114738535489e-11 1.930744177881699241e-11
5.093615955156370282e-11 2.695981110343011185e-11 1.845682544844318593e-11
4.871333728434832409e-11 2.578227027307779050e-11 1.764962025415978853e-11
4.660293316250644198e-11 2.466431832232595399e-11 1.688329937846388647e-11
4.459846079433947043e-11 2.360251555505726689e-11 1.615550130267964182e-11
4.269385449717742272e-11 2.259364545083843697e-11 1.546401780676929082e-11
4.088343901100431322e-11 2.163469859417055317e-11 1.480678292571518984e-11
3.916190160636053048e-11 2.072285787452190576e-11 1.418186277948997666e-11
3.752426638051245594e-11 1.985548484777754270e-11 1.358744620140739051e-11
3.596587055502681740e-11 1.903010715990661224e-11 1.302183609663979600e-11
3.448234260512488326e-11 1.824440694280121118e-11 1.248344146898423248e-11
3.306958206672339934e-11 1.749621010048745241e-11 1.197077005963137311e-11
3.172374088107130212e-11 1.678347641134377663e-11 1.148242154680515458e-11
3.044120614953191301e-11 1.610429037867316705e-11 1.101708125975713459e-11
2.921858418247250860e-11 1.545685276803474575e-11 1.057351436476669252e-11
2.805268573654112890e-11 1.483947277521860587e-11 1.015056048456593160e-11
2.694051234394234274e-11 1.425056077370173100e-11 9.747128716015160511e-12
2.587924364577102618e-11 1.368862159490785919e-11 9.362193013939288851e-12
2.486622564911638801e-11 1.315224829865687361e-11 8.994787911829256985e-12
2.389895983458619539e-11 1.264011639487258729e-11 8.644004552645598374e-12
2.297509304719485984e-11 1.215097848095874571e-11 8.308987005258624650e-12
2.209240810927325576e-11 1.168365926228667212e-11 7.988928844145684257e-12
2.124881509924984929e-11 1.123705092599379712e-11 7.683069971860940334e-12
2.044234324487155429e-11 1.081010884079746141e-11 7.390693665515553948e-12
1.967113338372644602e-11 1.040184755780736799e-11 7.111123830073268619e-12
1.893343094783911765e-11 1.001133708939506711e-11 6.843722442692865844e-12
1.822757943266998925e-11 9.637699445068651409e-12 6.587887173648488760e-12
1.755201431409536414e-11 9.280105405023611946e-12 6.343049170543097592e-12
1.690525737990515145e-11 8.937771513611987073e-12 6.108670993610591016e-12
1.628591144505743716e-11 8.609957276406242827e-12 5.884244690888154263e-12
1.569265542239673668e-11 8.295962545844054349e-12 5.669290002940811627e-12
1.512423972279716555e-11 7.995125081636753657e-12 5.463352687642727507e-12
1.457948196075428127e-11 7.706818273218874442e-12 5.266002956272289718e-12
1.405726294333572681e-11 7.430449012517319846e-12 5.076834012866256210e-12
1.355652292212753429e-11 7.165455706235293906e-12 4.895460689408163720e-12
1.307625808939553644e-11 6.911306417685838720e-12 4.721518170003575469e-12
1.261551730113065695e-11 6.667497128979163616e-12 4.554660797723377174e-12
1.217339901097735966e-11 6.433550115073971446e-12 4.394560958281751630e-12
1.174904840026364099e-11 6.209012421849999092e-12 4.240908035160043401e-12
1.134165469047211378e-11 5.993454440953937288e-12 4.093407431196761107e-12
1.095044862551995377e-11 5.786468574716615986e-12 3.951779652038907061e-12
1.057470011216147697e-11 5.587667984941282584e-12 3.815759447194889154e-12
1.021371600769674832e-11 5.396685419824321904e-12 3.685095004746404017e-12
9.866838044969367895e-12 5.213172113694151635e-12 3.559547196068342404e-12
9.533440885373710753e-12 5.036796754645151725e-12 3.438888867174573186e-12
9.212930291269352361e-12 4.867244515503018981e-12 3.322904173554495311e-12
8.904741409826361104e-12 4.704216143890022046e-12 3.211387955593512977e-12
8.608337160900521107e-12 4.547427107463982754e-12 3.104145151880344185e-12
8.323206722069656701e-12 4.396606790687155523e-12 3.000990247898156946e-12
8.048864104452420049e-12 4.251497739741221349e-12 2.901746757775156841e-12
7.784846813383734716e-12 4.111854952444953356e-12 2.806246736935442586e-12
7.530714588439544446e-12 3.977445210253068317e-12 2.714330323643411267e-12
7.286048217689930907e-12 3.848046449619859534e-12 2.625845307575940715e-12
7.050448421417099905e-12 3.723447170200808589e-12 2.540646723686815852e-12
6.823534800865321041e-12 3.603445877540782591e-12 2.458596469748410459e-12
6.604944847895996539e-12 3.487850558059837298e-12 2.379562946067202591e-12
6.394333011703913785e-12 3.376478184297694993e-12 2.303420715972791282e-12
6.191369819013482267e-12 3.269154248517386682e-12 2.230050185775879622e-12
5.995741044416680970e-12 3.165712322897415508e-12 2.159337302979201666e-12
5.807146927739705181e-12 3.065993644661311735e-12 2.091173271607485261e-12
5.625301435534513744e-12 2.969846724604423127e-12 2.025454283598785676e-12
5.449931563985302225e-12 2.877126977580640893e-12 1.962081265270157571e-12
5.280776680699964418e-12 2.787696373607223591e-12 1.900959637936238215e-12
5.117587903023699969e-12 2.701423108334576317e-12 1.841999091820216014e-12
4.960127510667291251e-12 2.618181291710220064e-12 1.785113372453268801e-12
4.808168390586889793e-12 2.537850653742752061e-12 1.730220078811122910e-12
4.661493512186198624e-12 2.460316266342722895e-12 1.677240472485260373e-12
4.519895431036931668e-12 2.385468280283642160e-12 1.626099297231815147e-12
4.383175819429344009e-12 2.313201676387802713e-12 1.576724608283435324e-12
4.251145022172883339e-12 2.243416030099073172e-12 1.529047610848849015e-12
4.123621636167448272e-12 2.176015288658033427e-12 1.483002507261428101e-12
4.000432112359842320e-12 2.110907560144786722e-12 1.438526352272355660e-12
3.881410378786859029e-12 2.048004913700822060e-12 1.395558916015621547e-12
3.766397483488447416e-12 1.987223190284803608e-12 1.354042554201954941e-12
3.655241256149828954e-12 1.928481823357181864e-12 1.313922085126268829e-12
3.547795987402827679e-12 1.871703668926366467e-12 1.275144673099203606e-12
3.443922124782176189e-12 1.816814844423959116e-12 1.237659717937205018e-12
3.343485984394942937e-12 1.763744575909627387e-12 1.201418750168304627e-12
3.246359477418344928e-12 1.712425053136475593e-12 1.166375331631557106e-12
3.152419850595349034e-12 1.662791292036522186e-12 1.132484961167827516e-12
3.061549439947820186e-12 1.614781004212553265e-12 1.099704985117938446e-12
